-1001459876114:
  last_update: 1572927230.309835
  pos: -1
-1001341438972:
  last_update: 1572928327.106771
  pos: -1
-1001191241809:
  last_update: 1572928151.861532
  pos: 117
