-1001459876114:
  last_update: 1572927230.309835
  pos: -1
-1001191241809:
  last_update: 1572928066.065436
  pos: 107
