-1001459876114:
  last_update: 1572927230.309835
  pos: -1
-1001341438972:
  last_update: 1572930584.149673
  pos: 43
-1001191241809:
  last_update: 1572929660.241058
  pos: 123
